clc
clear all

A = [ 0.707 0 0 -1 -0.707 0 0 0 0 0 0 0 0; 0 1 0 0 0 -1 0 0 0 0 0 0 0; 0 0 0 1 0 0 0 -1 0 0 0 0 0; 0 0 0 0 0.707 1 0 0 -0.707 -1 0 0 0; 0 0 0 0 0 0 0 1 -0.707 0 0 0.707 0; 0 0 0 0 0 0 0 0 0 1 0 0 -1; 0 0 0 0 0 0 0 0 0 0 0 0.707 1; 0.707 0 1 0 -0.707 0 0 0 0 0 0 0 0; 0 0 -1 0 0 0 0 0 0 0 0 0 0; 0 0 0 0 0 0 1 0 0 0 0 0 0; 0 0 0 0 0.707 0 -1 0 -.707 0 0 0 0; 0 0 0 0 0 0 0 0 0.707 0 1 -0.707 0; 0 0 0 0 0 0 0 0 0 0 -1 0 0]
% Matrix of the forces
Q = [ 0; 0; 0; 0; 0; 0; 0; 0; 10; 0; 15; 0; 10]
% right hand side of the equation
D = inv(A)
% inverse of A
E = A*D
F = A*Q
G = E*F
