clc
clear all
A = [ 0.707 0 0 -1 -0.707 0 0 0 0 0 0 0 0; 0 1 0 0 0 -1 0 0 0 0 0 0 0; 0 0 0 1 0 0 0 -1 0 0 0 0 0; 0 0 0 0 0.707 1 0 0 -0.707 -1 0 0 0; 0 0 0 0 0 0 0 1 -0.707 0 0 0.707 0; 0 0 0 0 0 0 0 0 0 1 0 0 -1; 0 0 0 0 0 0 0 0 0 0 0 0.707 1; 0.707 0 1 0 -0.707 0 0 0 0 0 0 0 0; 0 0 -1 0 0 0 0 0 0 0 0 0 0; 0 0 0 0 0 0 1 0 0 0 0 0 0; 0 0 0 0 0.707 0 -1 0 -.707 0 0 0 0; 0 0 0 0 0 0 0 0 0.707 0 1 -0.707 0; 0 0 0 0 0 0 0 0 0 0 -1 0 0];
% Matrix of the forces on bridge 
Q = [ 0; 0; 0; 0; 0; 0; 0; 0; 10; 0; 15; 0; 10];
% Forces on the bridge
D = inv(A);
% Inverse of A
F = D*Q;
% Inverse of A multiplied with the forces on the bridge
F
